    2    4   83  166    3    9   31   93
    3  107    2    3    4    6   12   13
   26   39   52   78    2    3    4    6
   12   31   62   93  124  186    2    3
    6    9   18   27   54   81    2    3
    6    9   13   18   26   39   78  117
    2    4   31   62    2    3    4    6
   12   17   34   51   68  102    7   31
    2    3    6   43   86  129    2    3
    4    6   12   17   34   51   68  102
    2    4   43   86    2    4    7   14
   28   49   98   17    2    3    4    5
    6    7   10   12   14   15   20   21
   28   30   35   42   60   70   84  105
  140  210    3    9   23   69    2    3
    6    9   17   18   34   51  102  153
    2    3    4    6    7    8   12   14
   16   21   24   28   42   48   56   84
  112  168    2    4   73  146    2    7
   13   14   26   91    2    3    4    6
    8    9   12   16   18   24   27   36
   48   54   72  108  144  216    2    3
    6   71  142  213    2    3    4    6
    8   12   16   24   32   48   64   96
    2    3    6   17   34   51    2  151
    2    4    8   16   31   62  124  248
   13   17    7   47    2    3    6   71
  142  213    2  149    2    4   41   82
    2    3    6    7    9   14   18   21
   42   63    2  113    2    4    8   13
   16   26   32   52  104  208    2    4
    8   16   31   62  124  248    3    5
   15   31   93  155    2    4    8   31
   62  124    2    3    6   67  134  201
    3    7   13   21   39   91    5   11
   25   55    3    5   15   19   57   95
   11   23    2    7   14   23   46  161
    2    3    6   37   74  111    3    5
   15   31   93  155   17   19    2    3
    4    6   12   41   82  123  164  246
    2  181    2    4    8   11   16   22
   32   44   88  176    2    5   10   23
   46  115    3   43    2  223    3   89
    2    3    4    5    6    8   10   12
   15   16   20   24   30   40   48   60
   80  120    2    3    4    6    8   12
   19   24   38   57   76  114  152  228
    7   23    5   25    2    4   53  106
    2    3    6   43   86  129    2    4
    8   16   23   46   92  184
