    2    4   83  166    3    9   31   93
  107    6   12   13   26   39   52   78
   62  124  186   18   27   54   81  117
   17   34   51   68  102    7   43   86
  129   14   28   49   98    5   10   15
   20   21   30   35   42   60   70   84
  105  140  210   23   69  153    8   16
   24   48   56  112  168   73  146   91
   36   72  108  144  216   71  142  213
   32   64   96  151  248   47  149   41
   82   63  113  104  208  155   67  134
  201   11   25   55   19   57   95   46
  161   37   74  111  123  164  246  181
   22   44   88  176  115  223   89   40
   80  120   38   76  114  152  228   53
  106   92  184