287
267
183
268
140
457
104
425
348
202
323
276
60
461
28
223
87
79
344
92
261
338
222
303
250
63
478
66
272
397
178
218
464
246
266
238
266
171
181
277
178
301
207
232
79
176
213
50
319
373
355
209
103
165
225
13
19
484
356
481
407
62
30
350
344
202
452
238
330
447
61
485
345
409
51
252
417
41
5
318
299
225
219
189
182
143
66
86
85
290
144
216
318
359
441
231
425
285
179
24
128
96
242
33
77
293
483
194
461
345
3
317
38
3
71
62
65
433
41
115
367
153
294
333
153
311
151
197
321
178
383
238
190
130
284
369
227
479
48
24
428
182
50
349
174
479
466
276
493
397
31
249
131
297
462
211
186
247
1
269
162
9
45
241
137
84
224
413
407
298
412
217
268
410
67
426
179
234
473
436
279
23
25
401
313
198
187
283
344
452
120
421
396
473
15
498
226
237
47
108
47
218
204
194
12
115
409
356
128
300
416
336
103
121
25
432
481
94
262
314
63
27
267
153
436
316
220
177
422
441
186
215
412
187
79
43
407
19
180
221
323
389
143
61
447
81
161
490
277
485
349
495
66
315
390
283
239
437
46
380
291
228
393
263
498
206
496
44
281
1
365
149
328
489
29
66
87
204
161
497
251
105
114
426
188
425
243
123
60
353
204
107
267
163
377
270
190
14
313
206
30
492
283
85
204
212
54
107
367
220
230
314
186
181
164
101
380
429
395
286
137
466
176
67
359
332
162
473
362
57
27
239
142
68
482
142
53
426
395
467
122
64
7
447
439
58
326
223
370
3
191
274
377
132
276
35
5
390
455
49
18
241
201
238
475
22
240
274
33
458
178
154
257
300
54
93
414
292
448
451
333
279
253
293
298
120
176
26
172
48
499
355
177
200
361
278
60
305
492
419
273
185
449
105
12
231
72
321
99
127
443
248
274
220
147
28
356
484
86
491
191
286
315
176
13
434
361
26
209
263
217
241
142
451
374
425
72
210
221
290
173
347
381
134
54
467
13
147
363
4
374
297
400
223
80
71
386
84
100
74
281
402
104
285
178
35
325
240
29
417
93
140
52
283
284
168
47
437
70
51
345
361
46
249
204
496
59
392
354
94
260
280
120
176
46
230
85
83
276
452
